Керівник:Сміт; 5; 30,00; 40,00; 1200,00
-Програміст:Вільямс; 2; 18,00; 100,00; 1080,00; 80,00
-Програміст:Петренко; 5; 18,00; 90,00; 945,00; 70,00
Керівник:Коваленко; 4; 25,00; 40,00; 1000,00
-Програміст:Бойко; 6; 22,00; 80,00; 1155,00; 70,00
Керівник:Григоренко; 6; 32,00; 40,00; 1280,00
-Програміст:Коваленко; 6; 18,00; 100,00; 1080,00; 80,00
Керівник:Бойко; 8; 37,00; 40,00; 1480,00
-Програміст:Сидоренко; 5; 18,00; 120,00; 1215,00; 90,00
Керівник:Мельник; 3; 28,00; 40,00; 1120,00
-Програміст:Вільямс; 6; 18,00; 80,00; 945,00; 70,00
-Програміст:Іванов; 7; 22,00; 100,00; 1320,00; 80,00
Керівник:Петренко; 5; 30,00; 40,00; 1200,00
-Програміст:Коваленко; 2; 18,00; 90,00; 1012,50; 75,00
